    659.65         40        426        536     987.15        807        462        386        715        878 
       598     427.71     977.95     727.15     532.79     581.06     140.69        713     638.59     897.31 
       650        258        165      20.57        562        826     820.06        222        707     820.40 
       861        215        800     662.58         76     167.96     953.53        665     277.02     617.95 
    371.50     486.80     197.02     239.56     224.64        239        904     630.22        956        580 
       129     585.64     531.55     333.83        111        530        360     471.18        870         66 
       937     518.14      13.24        808        419        694     456.35     975.78        650        362 
    705.61        405     405.86     597.04     554.52        935        836     940.77        342     372.27 
       385     669.54        150        436        664     121.57        554     433.53      61.04        917 
       829     545.13         64        140     721.14        960        579        767        165        275 
       715        963        593     856.57        820       5.89        692     112.77        751     935.26 
    754.33        853        647     253.83     989.32        201     692.25        203        438     714.67 
       640        481     352.72        695         95     435.85     187.79        850        795         53 
       567        762        430     326.83     865.98     846.08        701     802.67     280.90     753.37 
       682        377     514.97        394     684.38        658        470         32        167     469.50 
    555.07        141     428.25        289        507        960      78.76        721     841.86        945 
       567        290        323        550     249.86        132         65      41.25        751     409.07 
    169.07        269        647     501.58        994        613        685        298     474.98     511.02 
        82     150.64         77     289.10        632     310.01        307     224.05        637     911.33 
    878.55         28        905     821.86     922.38        199        335        915     875.58     932.61 
       819        601        917     523.65        505        657         92        466        618        699 
    483.41     683.03     398.28     845.56      87.19     575.20     875.11        387     246.09     837.27 
       499        546        784     230.83        870        621        217     747.60         84     101.80 
       660     872.77        433        548        333        866        484     337.13     765.96     272.02 
    764.04        541         99      87.93        582     558.58        108     290.87     722.65     273.37 
       821     656.71      25.41     827.96        870      67.49      95.67        327        945        742 
       663      28.49     987.66         99        329     840.12     992.53     165.14        711        209 
       564     744.81     245.38        678        584     787.40     133.72        723        639     628.99 
    215.89     653.02      74.43      69.37     742.55        648        804        462        323        272 
    274.86     271.67        537     984.21        168        769     984.77        519        779     833.87 
       749        147        156         29     556.80     178.13        386        403     116.33     242.09 
       681     719.62        401        183     114.11         25        878     623.26        143     783.62 
    935.18        512     319.39     994.10          4     240.53     777.44     991.19     151.18        111 
       414        869        121        264     864.92        723     100.67        348        674     143.33 
    690.44     507.79        274     658.22        863        518        652      72.83        888     120.04 
    857.03        873     485.71     866.79     682.04     175.13     719.53         75     198.21        856 
       379     657.31        983        877        845     942.59        198     920.05     712.04     771.09 
    867.89        831     645.37     444.41      20.72        537        259     345.04     537.77     383.81 
       987     290.85     871.38         80        227        938     981.57     709.08     236.28     810.88 
    141.12     468.35        558        746     474.83     106.28     968.46        863        377        231 
    197.35     332.73        167     945.46     927.06     532.14     623.47     480.57        839        410 
       278        789        682     105.56        590        287        647        154        384     161.20 
       528        845        182     974.08     440.85     544.64     304.98        476         92         41 
       871        820        857     253.46      85.77        642        173        840        416     668.24 
       990        555        580        811     304.39        379     429.71        945        997        786 
       134     788.88        527     679.64        294     599.32     178.01     825.32     851.55        614 
    904.86     850.73        927     436.45      26.66     121.70     980.44        792     241.70      63.00 
    891.64        375        761        746        878     688.23        535     807.31        349     108.32 
    824.94     994.88         85        581        652        950     374.85        673        847          5 
       986        883        719         64        103     440.51     596.88        922     587.35       9.09 
    741.96        538     235.55        996        394        106        863     412.57     945.47        993 
       385        455        502     852.00     233.52     286.51     338.58        465     777.77        666 
    987.95        168        606     412.30     995.17        875        792     841.45     555.89      73.73 
    545.24        678        569     295.28     854.18      83.59     855.12        941         18        758 
    521.51        484        177     331.77     762.07     374.10     246.74     439.92        570     227.49 
       848     218.05     129.88        104        159     128.58     876.72     938.95     763.96     326.51 
       512        448     932.46        998     434.51      72.86     912.09        369     368.77     781.11 
    142.50        314        196        796     504.32        772        224        552     995.99     402.23 
    416.61        469        450        165     321.95        336     182.35     788.65     720.33        394 
    689.52     288.81     232.40        415     797.71     999.54     391.07     356.66        857     807.85 
       944     400.86        891        515     381.88     450.09        811     539.17        929     389.76 
     90.27        385        552     688.53        500     581.12     669.37        154     830.19         13 
       627     900.45        673        862        164        864        688        583     372.90        410 
       954        597     915.16        857        303        670        502       2.06     747.37     147.44 
       872     922.23        399     487.55     800.77     672.16     494.52        799     861.30        639 
       407     309.93        974     667.95        786        954        977        242     185.97        550 
       721        304     818.83     215.45     459.93     521.78     330.82     998.00     521.55         72 
    687.82     898.54     528.21        260     595.13        719     656.58     532.28      46.37        451 
    702.59     706.21     897.35     114.38     948.26        487     596.81        271         89        577 
       431     631.65        719        948        941        450     140.32     106.24        370     656.59 
    477.55     382.05        273        914     386.35     613.48     676.13      43.28     820.64     735.26 
       411        489     644.46     126.15        495     813.56      71.02        763        697        354 
    194.98        517        663     523.08     120.53     126.98     228.46        431     430.27        697 
    799.13     772.33      11.94     776.78        935     166.24     482.58        323     501.40        393 
       731     135.38      24.64        226     317.24        558        139     783.44        733        544 
    244.69        609     801.43     357.91        744     911.84        678     518.77     522.84        660 
    249.18     789.02     500.04     475.11     899.74     265.28     434.60        500     929.08        895 
       320        717         95       2.04      25.74     362.34         60     588.74         41     415.13 
    731.52     554.42        481        339        760         72        695        512        683        741 
    145.49      45.83     489.64     312.48     396.02        925     586.85         44        383        681 
    447.41      33.27     306.16          4        416      54.97        794      17.53     452.68     750.72 
       218     148.10        790        223     274.14        772     793.70     346.38        223      93.35 
       491     377.40        418     924.93     552.14     664.69        980     351.28        712     534.12 
       782     414.47        895     659.52         84     311.42     532.63        493        481     760.77 
    847.99     564.83         24        501      99.82     718.21     642.04      98.30         31        605 
    255.88     510.71         51     999.91     201.99        108        873        744        851      72.03 
       648        409     552.58     376.72        803        960        265     801.39        141      29.68 
    537.29        646     901.97        565        680        106     841.98        977     289.29     492.68 
    535.81         51        469     741.05        440        214        421        899        462     981.90 
       238     535.01      24.74        628         63        253     904.48     410.46     976.85        771 
    332.68        914     246.29        239        105     333.57     808.00        735     728.97        739 
       133     156.12        839     686.18     824.09        909     398.31     681.29        600        133 
       422     367.61        533     346.99        262     465.08     664.43        764        662        799 
       394        684        123        977        255        648        311     527.98     956.99        334 
       527     572.40        839        338        474     350.35         93        324     849.75        151 
    394.69        203     493.05        484     827.48        301     107.39        541     219.98        701 
    804.95        273     270.55        198     983.30     650.37     107.38     562.02     275.99     916.53 
       140      54.39        591     907.90        352        375        498     748.87        392     502.33 
    444.57     496.12        117      94.94        574     543.70        439     413.56        158        858 
       634     949.99        857     357.72        467        200        372       1.33        770     271.32 
